200
5
5
21.0
79.9
49.9
8.7
2.5
76.6
6.0
97.2
75.8
56.5
86.6
69.4
85.9
68.9
89.3
33.8
90.2
73.8
40.2
93.8
69.4
79.5
41.5
93.7
45.1
99.2
16.1
73.0
47.1
33.5
89.0
20.7
93.6
56.9
92.3
95.6
90.9
13.6
21.9
30.1
28.3
24.3
6.9
31.4
26.0
69.6
60.7
38.5
88.0
89.5
38.7
90.2
97.6
44.2
20.9
31.0
95.2
60.3
35.0
68.7
41.5
36.7
91.9
4.5
55.5
30.1
96.8
24.1
44.9
31.8
6.1
33.5
40.7
4.5
51.7
14.0
15.2
7.7
29.3
49.1
70.3
89.9
30.4
34.0
37.4
36.9
38.1
14.4
34.3
82.7
37.8
17.1
62.9
39.3
95.0
95.4
29.7
80.1
23.1
98.4
70.3
7.0
16.2
64.0
71.5
50.3
62.7
88.0
56.5
6.0
9.5
83.0
90.5
30.4
17.7
93.2
16.9
21.8
5.6
6.2
67.0
29.5
45.6
10.0
24.4
65.7
95.7
37.8
60.3
78.0
94.4
32.5
27.9
71.4
94.2
13.6
37.0
40.5
80.7
60.0
56.4
4.8
22.5
54.8
63.7
88.3
28.3
81.2
86.8
46.1
41.0
31.0
80.5
5.7
97.7
61.3
88.9
86.7
84.6
65.1
77.6
80.5
75.3
58.8
90.9
62.6
57.7
98.3
1.0
6.1
47.1
52.6
38.4
58.5
77.1
15.1
2.4
84.7
56.5
6.7
31.2
69.1
33.8
2.1
69.2
95.1
31.8
58.3
82.1
69.2
34.3
73.8
89.8
6.0
32.8
50.2
95.4
83.7
92.8
78.7
12.8
58.5
80.6
39.8
38.3
63.2
11.7
6.3
62.6
45.8
2.5
61.8
98.8
97.2
49.2
72.5
53.3
52.2
58.0
7.6
27.4
27.2
33.4
84.0
76.4
7.8
51.6
45.7
23.0
18.7
52.5
36.7
55.2
18.9
32.5
7.9
86.9
90.6
96.5
54.4
11.1
46.2
84.1
90.0
4.0
6.4
94.4
13.2
95.0
72.0
1.4
52.8
32.9
96.5
49.2
81.7
18.9
10.6
3.1
48.9
61.7
24.2
48.4
24.6
81.7
59.5
43.6
82.6
12.8
9.2
48.3
75.9
97.5
10.5
28.9
77.4
27.3
77.9
28.3
79.0
39.6
53.0
0.6
66.4
97.1
34.1
37.9
9.7
8.7
13.6
52.6
15.6
29.2
15.0
48.5
42.8
18.1
51.1
72.9
25.2
3.2
97.4
70.2
74.9
30.5
40.2
98.1
3.3
44.9
55.4
89.4
97.2
86.3
79.3
16.5
60.8
79.9
49.5
97.6
51.3
11.1
37.9
41.2
41.2
7.0
99.3
72.5
37.8
29.6
66.9
42.2
86.7
16.2
1.1
34.1
46.6
82.0
4.3
54.0
60.4
12.4
8.8
2.6
89.8
3.4
24.0
87.6
25.0
98.0
50.2
38.0
53.4
8.1
4.2
97.0
53.1
16.4
95.8
3.1
34.7
73.7
53.8
46.6
62.6
22.6
1.3
44.0
27.1
57.5
81.8
39.6
53.3
23.2
73.1
61.8
43.7
76.0
23.3
97.1
61.9
28.8
99.0
45.1
97.2
6.1
95.6
66.3
17.5
96.0
70.2
80.1
90.9
69.4
55.2
51.1
88.3
44.6
25.3
82.8
40.8
21.7
15.1
71.2
80.7
33.1
0.9
33.5
81.0
85.0
32.3
79.8
86.7
13.8
65.9
12.6
42.8
25.6
20.7
6.6
89.8
22.8
46.3
31.3
27.6
88.9
29.3
85.8
90.2
1.1
32.3
5.2
3.6
43.3
21.2
19.7
1.9
35.3
13.1
11.0
9.2
38.9
52.0
31.8
6.1
17.3
61.9
29.6
82.6
89.9
82.4
86.9
57.3
87.1
94.2
35.2
80.6
98.4
17.1
73.5
35.6
58.8
50.7
67.5
62.7
19.6
96.7
44.9
1.3
4.5
66.2
28.7
94.6
16.9
43.2
35.7
25.4
54.2
41.7
47.8
32.3
95.8
88.9
55.8
22.7
92.5
9.5
82.0
85.8
84.6
58.2
99.7
40.5
91.3
32.9
31.2
72.7
63.5
3.8
10.0
44.7
60.8
93.0
61.6
88.0
6.1
64.3
67.6
18.9
35.7
35.5
60.1
61.1
60.7
19.4
80.5
79.0
43.2
90.7
29.3
24.8
54.1
77.8
6.6
27.7
87.2
83.7
61.3
62.6
49.4
28.1
60.3
28.4
4.8
24.9
93.3
66.3
59.9
67.3
39.0
26.9
42.9
34.4
43.8
44.7
77.3
33.7
17.5
17.1
81.0
32.9
84.0
96.4
18.2
73.9
10.0
33.9
0.3
95.6
16.6
73.5
54.9
52.2
18.6
36.3
20.6
88.6
83.0
0.5
19.4
91.8
74.0
12.9
75.6
84.3
72.0
60.1
42.2
37.2
70.1
3.8
84.3
81.3
99.2
18.4
94.5
35.7
33.8
95.3
59.4
82.3
85.1
99.1
61.7
53.9
82.8
54.2
2.6
58.9
77.4
50.7
79.7
23.7
54.2
78.8
47.2
24.8
91.4
19.8
48.4
42.2
81.0
74.9
49.9
56.4
46.6
18.6
38.7
9.1
91.2
24.3
23.4
83.3
38.0
76.0
63.1
13.0
20.8
15.3
31.1
86.6
29.5
87.2
45.9
27.9
82.7
22.7
81.3
13.9
74.1
52.7
77.7
31.0
27.6
77.0
59.3
76.4
99.8
49.7
15.7
11.7
55.3
58.3
92.1
77.6
33.6
44.1
75.6
61.0
40.9
60.7
35.0
63.3
92.3
51.3
76.0
55.6
45.3
44.3
33.7
45.1
14.3
80.2
15.1
82.6
98.4
28.7
55.0
72.9
15.2
10.4
76.6
92.8
80.7
27.7
11.9
96.4
65.8
93.1
14.2
29.0
14.9
46.3
73.0
2.3
99.1
7.0
30.6
30.0
91.2
85.6
88.4
56.8
96.0
32.7
55.8
43.7
81.1
21.6
19.8
99.5
70.5
24.3
32.8
89.9
48.4
84.6
72.2
3.2
44.5
71.6
22.5
5.5
52.9
50.6
54.8
61.5
59.3
43.6
66.0
88.9
9.6
16.5
13.4
91.2
41.3
82.4
19.5
94.6
84.8
99.7
75.9
60.8
42.9
75.5
27.9
44.4
27.6
16.1
62.3
14.3
56.1
29.8
30.5
99.2
17.5
87.7
32.3
29.0
59.2
53.7
26.4
63.7
35.7
44.2
80.8
69.4
53.5
18.0
49.4
43.6
32.3
92.7
7.7
16.8
19.9
94.4
24.1
25.5
51.4
24.6
17.6
16.5
26.8
41.7
25.2
71.1
43.2
90.5
14.3
20.8
51.3
68.5
96.9
75.2
14.6
21.7
23.7
88.9
18.4
63.6
47.5
5.6
63.7
15.7
89.4
22.5
72.7
56.7
36.0
88.7
8.8
17.3
5.3
79.9
17.5
93.0
32.4
71.5
5.0
15.0
13.2
33.8
40.0
94.0
64.6
19.2
48.5
20.8
29.0
57.9
94.0
79.8
46.9
34.1
93.8
32.2
66.8
33.8
78.0
61.9
35.9
76.1
22.2
82.0
97.8
5.2
96.0
59.1
66.1
99.8
15.3
69.2
83.0
82.4
12.5
36.2
28.7
26.9
6.3
93.8
5.6
57.4
38.8
22.4
6.1
44.3
26.6
91.4
30.2
98.6
18.4
56.6
72.2
70.1
7.1
54.6
4.6
48.5
78.8
64.1
48.7
35.1
66.1
34.8
34.6
18.5
37.4
56.1
70.3
53.8
90.7
64.4
53.3
62.6
15.8
72.4
47.3
17.6
21.3
33.2
28.8
87.2
5.2
49.7
4.9
86.6
24.7
9.2
57.0
72.8
9.3
82.4
30.3
17.7
44.1
59.4
55.3
12.3
96.7
72.8
73.3
52.1
68.1
60.1
68.3
71.5
93.4
0.7
68.0
11.0
21.1
38.4
37.6
7.2
20.8
73.5
52.7
44.1
75.8
54.1
35.9
4.6
53.7
77.4
25.9
19.3
42.8
9.5
52.5
7.1
17.6
1.5
83.6
42.1
6.1
17.1
26.2
59.3
18.5
86.7
82.2
6.4
31.5
51.3
67.6
27.7
80.4
85.1
29.9
74.3
32.6
81.8
56.6
53.2
60.2
75.9
75.0
12.9
97.7
17.6
40.0
28.8
46.7
80.9
74.8
78.8
12.9
25.4
18.8
24.0
25.9
35.1
95.4
87.6
56.2
17.7
99.7
11.4
78.8
16.3