P1: [7.9	3.8	6.4	2.0] Clase: 1
P2: [7.7	3.8	6.7	2.2] Clase: 1
P3: [7.7	2.6	6.9	2.3] Clase: 1
P4: [7.7	2.8	6.7	2.0] Clase: 1
P5: [7.7	3.0	6.1	2.3] Clase: 1
P6: [7.6	3.0	6.6	2.1] Clase: 1
P7: [7.4	2.8	6.1	1.9] Clase: 1
P8: [7.3	2.9	6.3	1.8] Clase: 1
P9: [7.2	3.6	6.1	2.5] Clase: 1
P10: [7.2	3.2	6.0	1.8] Clase: 1
P11: [7.2	3.0	5.8	1.6] Clase: 1
P12: [7.1	3.0	5.9	2.1] Clase: 1
P13: [7.0	3.2	4.7	1.4] Clase: 1
P14: [6.9	3.1	4.9	1.5] Clase: 1
P15: [6.9	3.2	5.7	2.3] Clase: 1
P16: [6.9	3.1	5.4	2.1] Clase: 1
P17: [6.9	3.1	5.1	2.3] Clase: 1
P18: [6.8	2.8	4.8	1.4] Clase: 2
P19: [6.8	3.0	5.5	2.1] Clase: 1
P20: [6.8	3.2	5.9	2.3] Clase: 1
P21: [6.7	3.1	4.4	1.4] Clase: 2
P22: [6.7	3.0	5.0	1.7] Clase: 1
P23: [6.7	3.1	4.7	1.5] Clase: 2
P24: [6.7	2.5	5.8	1.8] Clase: 1
P25: [6.7	3.3	5.7	2.1] Clase: 1
P26: [6.7	3.1	5.6	2.4] Clase: 1
P27: [6.7	3.3	5.7	2.5] Clase: 1
P28: [6.7	3.0	5.2	2.3] Clase: 1
P29: [6.6	2.9	4.6	1.3] Clase: 2
P30: [6.6	3.0	4.4	1.4] Clase: 2
P31: [6.5	2.8	4.6	1.5] Clase: 2
P32: [6.5	3.0	5.8	2.2] Clase: 1
P33: [6.5	3.2	5.1	2.0] Clase: 1
P34: [6.5	3.0	5.5	1.8] Clase: 1
P35: [6.5	3.0	5.2	2.0] Clase: 1
P36: [6.4	3.2	4.5	1.5] Clase: 2
P37: [6.4	2.9	4.3	1.3] Clase: 2
P38: [6.4	2.7	5.3	1.9] Clase: 1
P39: [6.4	3.2	5.3	2.3] Clase: 1
P40: [6.4	2.8	5.6	2.1] Clase: 1
P41: [6.4	2.8	5.6	2.2] Clase: 1
P42: [6.4	3.1	5.5	1.8] Clase: 1
P43: [6.3	3.3	4.7	1.6] Clase: 2
P44: [6.3	2.5	4.9	1.5] Clase: 2
P45: [6.3	2.3	4.4	1.3] Clase: 2
P46: [6.3	3.3	6.0	2.5] Clase: 1
P47: [6.3	2.9	5.6	1.8] Clase: 1
P48: [6.3	2.7	4.9	1.8] Clase: 2
P49: [6.3	2.8	5.1	1.5] Clase: 2
P50: [6.3	3.4	5.6	2.4] Clase: 1
P51: [6.3	2.5	5.0	1.9] Clase: 2
P52: [6.2	2.2	4.5	1.5] Clase: 2
P53: [6.2	2.9	4.3	1.3] Clase: 2
P54: [6.2	2.8	4.8	1.8] Clase: 2
P55: [6.2	3.4	5.4	2.3] Clase: 1
P56: [6.1	2.9	4.7	1.4] Clase: 2
P57: [6.1	2.8	4.0	1.3] Clase: 2
P58: [6.1	2.8	4.7	1.2] Clase: 2
P59: [6.1	3.0	4.6	1.4] Clase: 2
P60: [6.1	3.0	4.9	1.8] Clase: 2
P61: [6.1	2.6	5.6	1.4] Clase: 1
P62: [6.0	2.2	4.0	1.0] Clase: 2
P63: [6.0	2.9	4.5	1.5] Clase: 2
P64: [6.0	2.7	5.1	1.6] Clase: 2
P65: [6.0	3.4	4.5	1.6] Clase: 2
P66: [6.0	2.2	5.0	1.5] Clase: 2
P67: [6.0	3.0	4.8	1.8] Clase: 2
P68: [5.9	3.0	4.2	1.5] Clase: 2
P69: [5.9	3.2	4.8	1.8] Clase: 2
P70: [5.9	3.0	5.1	1.8] Clase: 2
P71: [5.8	4.0	1.2	0.2] Clase: 3
P72: [5.8	2.7	4.1	1.0] Clase: 2
P73: [5.8	2.7	3.9	1.2] Clase: 2
P74: [5.8	2.6	4.0	1.2] Clase: 2
P75: [5.8	2.7	5.1	1.9] Clase: 2
P76: [5.8	2.8	5.1	2.4] Clase: 2
P77: [5.8	2.7	5.1	1.9] Clase: 2
P78: [5.7	4.4	1.5	0.4] Clase: 3
P79: [5.7	3.8	1.7	0.3] Clase: 3
P80: [5.7	2.8	4.5	1.3] Clase: 2
P81: [5.7	2.6	3.5	1.0] Clase: 2
P82: [5.7	3.0	4.2	1.2] Clase: 2
P83: [5.7	2.9	4.2	1.3] Clase: 2
P84: [5.7	2.8	4.1	1.3] Clase: 2
P85: [5.7	2.5	5.0	2.0] Clase: 2
P86: [5.6	2.9	3.6	1.3] Clase: 2
P87: [5.6	3.0	4.5	1.5] Clase: 2
P88: [5.6	2.5	3.9	1.1] Clase: 2
P89: [5.6	3.0	4.1	1.3] Clase: 2
P90: [5.6	2.7	4.2	1.3] Clase: 2
P91: [5.6	2.8	4.9	2.0] Clase: 2
P92: [5.5	4.2	1.4	0.2] Clase: 3
P93: [5.5	3.5	1.3	0.2] Clase: 3
P94: [5.5	2.3	4.0	1.3] Clase: 2
P95: [5.5	2.4	3.8	1.1] Clase: 2
P96: [5.5	2.4	3.7	1.0] Clase: 2
P97: [5.5	2.5	4.0	1.3] Clase: 2
P98: [5.5	2.6	4.4	1.2] Clase: 2
P99: [5.4	3.9	1.7	0.4] Clase: 3
P100: [5.4	3.7	1.5	0.2] Clase: 3
P101: [5.4	3.9	1.3	0.4] Clase: 3
P102: [5.4	3.4	1.7	0.2] Clase: 3
P103: [5.4	3.4	1.5	0.4] Clase: 3
P104: [5.4	3.0	4.5	1.5] Clase: 2
P105: [5.3	3.7	1.5	0.2] Clase: 3
P106: [5.2	3.5	1.5	0.2] Clase: 3
P107: [5.2	3.4	1.4	0.2] Clase: 3
P108: [5.2	4.1	1.5	0.1] Clase: 3
P109: [5.2	2.7	3.9	1.4] Clase: 2
P110: [5.1	3.5	1.4	0.2] Clase: 3
P111: [5.1	3.5	1.4	0.3] Clase: 3
P112: [5.1	3.8	1.5	0.3] Clase: 3
P113: [5.1	3.7	1.5	0.4] Clase: 3
P114: [5.1	3.3	1.7	0.5] Clase: 3
P115: [5.1	3.4	1.5	0.2] Clase: 3
P116: [5.1	3.8	1.9	0.4] Clase: 3
P117: [5.1	3.8	1.6	0.2] Clase: 3
P118: [5.1	2.5	3.0	1.1] Clase: 2
P119: [5.0	3.6	1.4	0.2] Clase: 3
P120: [5.0	3.4	1.5	0.2] Clase: 3
P121: [5.0	3.0	1.6	0.2] Clase: 3
P122: [5.0	3.4	1.6	0.4] Clase: 3
P123: [5.0	3.2	1.2	0.2] Clase: 3
P124: [5.0	3.5	1.3	0.3] Clase: 3
P125: [5.0	3.5	1.6	0.6] Clase: 3
P126: [5.0	3.3	1.4	0.2] Clase: 3
P127: [5.0	2.0	3.5	1.0] Clase: 2
P128: [5.0	2.3	3.3	1.0] Clase: 2
P129: [4.9	3.0	1.4	0.2] Clase: 3
P130: [4.9	3.1	1.5	0.1] Clase: 3
P131: [4.9	3.1	1.5	0.2] Clase: 3
P132: [4.9	3.6	1.4	0.1] Clase: 3
P133: [4.9	2.4	3.3	1.0] Clase: 2
P134: [4.9	2.5	4.5	1.7] Clase: 2
P135: [4.8	3.4	1.6	0.2] Clase: 3
P136: [4.8	3.0	1.4	0.1] Clase: 3
P137: [4.8	3.4	1.9	0.2] Clase: 3
P138: [4.8	3.1	1.6	0.2] Clase: 3
P139: [4.8	3.0	1.4	0.3] Clase: 3
P140: [4.7	3.2	1.3	0.2] Clase: 3
P141: [4.7	3.2	1.6	0.2] Clase: 3
P142: [4.6	3.1	1.5	0.2] Clase: 3
P143: [4.6	3.4	1.4	0.3] Clase: 3
P144: [4.6	3.6	1.0	0.2] Clase: 3
P145: [4.6	3.2	1.4	0.2] Clase: 3
P146: [4.5	2.3	1.3	0.3] Clase: 3
P147: [4.4	2.9	1.4	0.2] Clase: 3
P148: [4.4	3.0	1.3	0.2] Clase: 3
P149: [4.4	3.2	1.3	0.2] Clase: 3
P150: [4.3	3.0	1.1	0.1] Clase: 3

Total de iteraciones: 5